solver_type L2R_L2LOSS_SVR
nr_class 2
nr_feature 31
bias -1.000000000000000
w
0.5134708414548291 
0.1096676666637340 
0.1625110648509145 
0.02050680802270719 
0.4681750523769747 
-0.06107677030536936 
0.1438848319188169 
0.1358698347186599 
0.2529541109707171 
0.1664864328803370 
-0.008629323811897103 
0.1811105192179685 
0.05279916140505752 
-0.009938761003430914 
0.01927677661413668 
0.1150625173789656 
-0.01525972339723245 
0.1770063327524092 
-0.3429958948165979 
0.1096676666637340 
-0.06353631803310655 
0.2126750017075462 
-0.02937115371098886 
-0.1702229054380252 
0.1392127398207027 
-0.07061248467315046 
-0.05773765257484466 
-0.005515419469974562 
0.1600697956442148 
-0.05820377808548131 
-0.03080846954087503 
